-120,068167;36,51244;53;!-- 38490 sats:11 UTC 17:44:36 -->;0;0;173,88452;2,88452;1;-18;0;0;0;0;0
-120,068167;36,512442;54;!-- 38505 sats:11 UTC 17:44:37 -->;0;0,729062401;177,16536;6,16536;2;-17;3,28084;2,23608936;0,729062401;0;0
-120,068167;36,512443;54;!-- 38520 sats:11 UTC 17:44:38 -->;0;1,0935936;177,16536;6,16536;3;-16;0;0;1,0935936;0;0
-120,068167;36,512445;54;!-- 38535 sats:11 UTC 17:44:39 -->;0;1,822656001;177,16536;6,16536;4;-15;0;0;1,822656001;0;0
-120,068168;36,512445;54;!-- 38550 sats:11 UTC 17:44:40 -->;-0,292983918;1,822656001;177,16536;6,16536;5;-14;0;0;2,115639919;0;0
-120,068168;36,512445;54;!-- 38565 sats:11 UTC 17:44:41 -->;-0,292983918;1,822656001;177,16536;6,16536;6;-13;0;0;2,115639919;0;0
-120,068167;36,512445;54;!-- 38580 sats:11 UTC 17:44:42 -->;0;1,822656001;177,16536;6,16536;7;-12;0;0;2,408623837;0,199761762;0
-120,068167;36,512445;54;!-- 38595 sats:11 UTC 17:44:43 -->;0;1,822656001;177,16536;6,16536;8;-11;0;0;2,408623837;0;0
-120,068167;36,512445;54;!-- 38610 sats:11 UTC 17:44:44 -->;0;1,822656001;177,16536;6,16536;9;-10;0;0;2,408623837;0;0
-120,068168;36,512445;54;!-- 38625 sats:11 UTC 17:44:45 -->;-0,292983918;1,822656001;177,16536;6,16536;10;-9;0;0;2,701607755;0,199761762;0
-120,068167;36,512445;54;!-- 38640 sats:11 UTC 17:44:46 -->;0;1,822656001;177,16536;6,16536;11;-8;0;0;2,994591673;0,199761762;0
-120,068167;36,512443;54;!-- 38655 sats:11 UTC 17:44:47 -->;0;1,0935936;177,16536;6,16536;12;-7;0;0;3,723654073;0,497088001;0
-120,068167;36,512445;54;!-- 38670 sats:11 UTC 17:44:48 -->;0;1,822656001;177,16536;6,16536;13;-6;0;0;4,452716474;0,497088001;0
-120,068167;36,512445;54;!-- 38685 sats:11 UTC 17:44:49 -->;0;1,822656001;177,16536;6,16536;14;-5;0;0;4,452716474;0;0
-120,068168;36,512445;54;!-- 38700 sats:11 UTC 17:44:50 -->;-0,292983918;1,822656001;177,16536;6,16536;15;-4;0;0;4,745700392;0,199761762;0
-120,068168;36,512445;54;!-- 38715 sats:11 UTC 17:44:51 -->;-0,292983918;1,822656001;177,16536;6,16536;16;-3;0;0;4,745700392;0;0
-120,068168;36,512445;54;!-- 38730 sats:11 UTC 17:44:52 -->;-0,292983918;1,822656001;177,16536;6,16536;17;-2;0;0;4,745700392;0;0
-120,068168;36,512445;54;!-- 38745 sats:11 UTC 17:44:53 -->;-0,292983918;1,822656001;177,16536;6,16536;18;-1;0;0;4,745700392;0;0
-120,068167;36,512445;54;!-- 38760 sats:11 UTC 17:44:54 -->;0;1,822656001;177,16536;6,16536;19;0;0;0;5,03868431;0,199761762;0
-120,068167;36,512445;54;!-- 38775 sats:11 UTC 17:44:55 -->;0;1,822656001;177,16536;6,16536;20;1;0;0;5,03868431;0;0
-120,068167;36,512445;54;!-- 38790 sats:11 UTC 17:44:56 -->;0;1,822656001;177,16536;6,16536;21;2;0;0;5,03868431;0;0
-120,06821;36,512457;65;!-- 38805 sats:11 UTC 17:44:57 -->;-12,59830655;6,1970304;213,2546;42,2546;22;3;36,08924;24,59698296;18,37481866;9,092818872;1,12778875
-120,068415;36,512338;164;!-- 38820 sats:6 UTC 17:44:58 -->;-72,6601123;-37,1821824;538,05776;367,05776;23;4;324,80316;221,3728466;92,46379633;50,51521205;9,02231
-120,068812;36,51204;385;!-- 38835 sats:8 UTC 17:44:59 -->;-188,9756164;-145,81248;1263,1234;1092,1234;24;5;725,06564;494,1757486;251,617301;108,5137532;12,5082025
-120,069328;36,51167;671;!-- 38850 sats:8 UTC 17:45:00 -->;-340,1577357;-280,689024;2201,44364;2030,44364;25;6;938,32024;639,521557;454,2196587;138,1379711;6,66420625
-120,069907;36,511305;955;!-- 38865 sats:10 UTC 17:45:01 -->;-509,7995274;-413,742912;3133,2022;2962,2022;26;7;931,75856;635,0493783;669,81575;146,997335;-0,2050525
-120,070478;36,51094;1219;!-- 38880 sats:11 UTC 17:45:02 -->;-677,0990022;-546,7968;3999,34396;3828,34396;27;8;866,14176;590,3275911;883,573677;145,7440412;-2,050525
-120,071028;36,510602;1460;!-- 38895 sats:11 UTC 17:45:03 -->;-838,2469514;-670,0083456;4790,0264;4619,0264;28;9;790,68244;538,8975358;1086,42768;138,3095475;-2,35810375
-120,07155;36,51028;1680;!-- 38910 sats:11 UTC 17:45:04 -->;-991,1923223;-787,387392;5511,8112;5340,8112;29;10;721,7848;491,9396592;1279,223237;131,4515165;-2,15305125
-120,072052;36,509972;1881;!-- 38925 sats:11 UTC 17:45:05 -->;-1138,278893;-899,6630016;6171,26004;6000,26004;30;11;659,44884;449,4539614;1464,264508;126,1645027;-1,94799875
-120,072542;36,509683;2066;!-- 38940 sats:11 UTC 17:45:06 -->;-1281,850386;-1005,012518;6778,21544;6607,21544;31;12;606,9554;413,6765316;1642,341161;121,4158998;-1,64042
-120,073012;36,509402;2236;!-- 38955 sats:11 UTC 17:45:07 -->;-1419,562896;-1107,445786;7335,95824;7164,95824;32;13;557,7428;380,1351912;1813,972479;117,0213534;-1,53789375
-120,073473;36,50913;2391;!-- 38970 sats:11 UTC 17:45:08 -->;-1554,639255;-1206,598272;7844,48844;7673,48844;33;14;508,5302;346,5938508;1981,533926;114,2464411;-1,53789375
-120,073925;36,50887;2532;!-- 38985 sats:11 UTC 17:45:09 -->;-1687,079325;-1301,376384;8307,08688;8136,08688;34;15;462,59844;315,2885998;2144,393567;111,0406643;-1,4353675
-120,074363;36,508617;2661;!-- 39000 sats:11 UTC 17:45:10 -->;-1815,418143;-1393,602778;8730,31524;8559,31524;35;16;423,22836;288,4555275;2302,433308;107,7543688;-1,230315
-120,07479;36,50837;2777;!-- 39015 sats:11 UTC 17:45:11 -->;-1940,534655;-1483,641984;9110,89268;8939,89268;36;17;380,57744;259,3863658;2456,579993;105,1000124;-1,33284125
-120,07521;36,508128;2881;!-- 39030 sats:11 UTC 17:45:12 -->;-2063,600831;-1571,858534;9452,10004;9281,10004;37;18;341,20736;232,5532934;2607,998101;103,2396191;-1,230315
-120,075625;36,50789;2973;!-- 39045 sats:11 UTC 17:45:13 -->;-2185,202658;-1658,61696;9753,93732;9582,93732;38;19;301,83728;205,7202211;2757,37691;101,8491881;-1,230315
-120,076033;36,507655;3054;!-- 39060 sats:11 UTC 17:45:14 -->;-2304,754128;-1744,281792;10019,68536;9848,68536;39;20;265,74804;181,1232382;2904,451781;100,2783208;-1,12778875
-120,076437;36,507425;3124;!-- 39075 sats:11 UTC 17:45:15 -->;-2423,134156;-1828,123968;10249,34416;10078,34416;40;21;229,6588;156,5262552;3049,515014;98,90674961;-1,12778875
-120,076832;36,507198;3183;!-- 39090 sats:11 UTC 17:45:16 -->;-2538,877755;-1910,87255;10442,91372;10271,91372;41;22;193,56956;131,9292722;3191,796104;97,00983406;-1,12778875
-120,07722;36,506975;3233;!-- 39105 sats:11 UTC 17:45:17 -->;-2652,570863;-1992,163008;10606,95572;10435,95572;42;23;164,042;111,804468;3331,561125;95,29433303;-0,92273625
-120,077608;36,506753;3272;!-- 39120 sats:11 UTC 17:45:18 -->;-2766,26459;-2073,088934;10734,90848;10563,90848;43;24;127,95276;87,20748504;3471,114947;95,15033305;-1,12778875
-120,077992;36,506535;3301;!-- 39135 sats:11 UTC 17:45:19 -->;-2878,786796;-2152,556736;10830,05284;10659,05284;44;25;95,14436;64,84659144;3608,869723;93,92371057;-1,0252625
-120,07837;36,50632;3320;!-- 39150 sats:11 UTC 17:45:20 -->;-2989,551476;-2230,930944;10892,3888;10721,3888;45;26;62,33596;42,48569784;3744,558082;92,51479057;-1,0252625
-120,078745;36,506108;3328;!-- 39165 sats:11 UTC 17:45:21 -->;-3099,437628;-2308,211558;10918,63552;10747,63552;46;27;26,24672;17,88871488;3878,898172;91,5955157;-1,12778875
-120,079058;36,505952;3329;!-- 39180 sats:11 UTC 17:45:22 -->;-3191,155533;-2365,078426;10921,91636;10750,91636;47;28;3,28084;2,23608936;3986,814874;73,57956998;-0,71768375
-120,07925;36,505878;3323;!-- 39195 sats:11 UTC 17:45:23 -->;-3247,416268;-2392,053734;10902,23132;10731,23132;48;29;-19,68504;-13,41653616;4049,208285;42,54096153;-0,71768375
-120,079335;36,50586;3312;!-- 39210 sats:11 UTC 17:45:24 -->;-3272,322775;-2398,615296;10866,14208;10695,14208;49;30;-36,08924;-24,59698296;4074,964608;17,56112932;-0,51263125
-120,079377;36,505872;3297;!-- 39225 sats:11 UTC 17:45:25 -->;-3284,628638;-2394,240922;10816,92948;10645,92948;50;31;-49,2126;-33,5413404;4088,02483;8,904696819;-0,410105
-120,079398;36,505887;3279;!-- 39240 sats:11 UTC 17:45:26 -->;-3290,781185;-2388,772954;10757,87436;10586,87436;51;32;-59,05512;-40,24960848;4096,256021;5,612175899;-0,30757875
-120,079402;36,505895;3261;!-- 39255 sats:11 UTC 17:45:27 -->;-3291,952879;-2385,856704;10698,81924;10527,81924;52;33;-59,05512;-40,24960848;4099,398851;2,142838634;5,68434E-14
-120,079387;36,505902;3244;!-- 39270 sats:11 UTC 17:45:28 -->;-3287,557452;-2383,304986;10643,04496;10472,04496;53;34;-55,77428;-38,01351912;4104,481277;3,465290429;0,10252625
-120,07936;36,505917;3225;!-- 39285 sats:11 UTC 17:45:29 -->;-3279,645582;-2377,837018;10580,709;10409,709;54;35;-62,33596;-42,48569784;4114,09878;6,557388293;-0,2050525
-120,079323;36,505953;3207;!-- 39300 sats:11 UTC 17:45:30 -->;-3268,802742;-2364,713894;10521,65388;10350,65388;55;36;-59,05512;-40,24960848;4131,121809;11,60661091;0,10252625
-120,079283;36,506005;3188;!-- 39315 sats:11 UTC 17:45:31 -->;-3257,080215;-2345,758272;10459,31792;10288,31792;56;37;-62,33596;-42,48569784;4153,409323;15,19603215;-0,10252625
-120,079277;36,506048;3169;!-- 39330 sats:11 UTC 17:45:32 -->;-3255,320357;-2330,08343;10396,98196;10225,98196;57;38;-62,33596;-42,48569784;4169,182647;10,75453929;0
-120,079288;36,506085;3152;!-- 39345 sats:11 UTC 17:45:33 -->;-3258,541889;-2316,595776;10341,20768;10170,20768;58;39;-55,77428;-38,01351912;4183,049698;9,454807167;0,2050525
-120,07929;36,506107;3132;!-- 39360 sats:11 UTC 17:45:34 -->;-3259,126979;-2308,57609;10275,59088;10104,59088;59;40;-65,6168;-44,7217872;4191,090699;5,482500806;-0,30757875
-120,07926;36,50612;3112;!-- 39375 sats:11 UTC 17:45:35 -->;-3250,336195;-2303,837184;10209,97408;10038,97408;60;41;-65,6168;-44,7217872;4201,077445;6,809144944;0
-120,079203;36,506158;3093;!-- 39390 sats:11 UTC 17:45:36 -->;-3233,63316;-2289,984998;10147,63812;9976,63812;61;42;-62,33596;-42,48569784;4222,777086;14,79521002;0,10252625
-120,079157;36,50621;3076;!-- 39405 sats:11 UTC 17:45:37 -->;-3220,152642;-2271,029376;10091,86384;9920,86384;62;43;-55,77428;-38,01351912;4246,037352;15,85927245;0,2050525
-120,079148;36,506258;3058;!-- 39420 sats:11 UTC 17:45:38 -->;-3217,513579;-2253,531878;10032,80872;9861,80872;63;44;-59,05512;-40,24960848;4263,732749;12,06504339;-0,10252625
-120,079153;36,506297;3036;!-- 39435 sats:11 UTC 17:45:39 -->;-3218,976994;-2239,315162;9960,63024;9789,63024;64;45;-72,17848;-49,19396592;4278,024587;9,744434681;-0,410105
-120,07915;36,506317;3015;!-- 39450 sats:11 UTC 17:45:40 -->;-3218,097141;-2232,024538;9891,7326;9720,7326;65;46;-68,89764;-46,95787656;4285,368111;5,006947942;0,10252625
-120,079127;36,506327;2997;!-- 39465 sats:11 UTC 17:45:41 -->;-3211,357563;-2228,379226;9832,67748;9661,67748;66;47;-59,05512;-40,24960848;4293,03037;5,224267704;0,30757875
-120,079085;36,50635;2977;!-- 39480 sats:11 UTC 17:45:42 -->;-3199,050315;-2219,995008;9767,06068;9596,06068;67;48;-65,6168;-44,7217872;4307,922094;10,15344834;-0,2050525
-120,079048;36,506397;2959;!-- 39495 sats:11 UTC 17:45:43 -->;-3188,207121;-2202,862042;9708,00556;9537,00556;68;49;-59,05512;-40,24960848;4328,198026;13,82449878;0,2050525
-120,079022;36,50645;2941;!-- 39510 sats:11 UTC 17:45:44 -->;-3180,586766;-2183,541888;9648,95044;9477,95044;69;50;-59,05512;-40,24960848;4348,966707;14,16046481;5,68434E-14
-120,07902;36,50649;2923;!-- 39525 sats:11 UTC 17:45:45 -->;-3179,99911;-2168,96064;9589,89532;9418,89532;70;51;-59,05512;-40,24960848;4363,559793;9,949830761;-5,68434E-14
-120,079018;36,506503;2904;!-- 39540 sats:11 UTC 17:45:46 -->;-3179,412563;-2164,221734;9527,55936;9356,55936;71;52;-62,33596;-42,48569784;4368,334859;3,255727403;-0,10252625
-120,07899;36,506505;2885;!-- 39555 sats:11 UTC 17:45:47 -->;-3171,208302;-2163,492672;9465,2234;9294,2234;72;53;-62,33596;-42,48569784;4376,571451;5,615857761;5,68434E-14
-120,078945;36,506533;2867;!-- 39570 sats:11 UTC 17:45:48 -->;-3158,021871;-2153,285798;9406,16828;9235,16828;73;54;-59,05512;-40,24960848;4393,246648;11,36945291;0,10252625
-120,078898;36,506582;2846;!-- 39585 sats:11 UTC 17:45:49 -->;-3144,248585;-2135,42377;9337,27064;9166,27064;74;55;-68,89764;-46,95787656;4415,802257;15,37882414;-0,30757875
-120,078883;36,506628;2827;!-- 39600 sats:11 UTC 17:45:50 -->;-3139,851628;-2118,655334;9274,93468;9103,93468;75;56;-62,33596;-42,48569784;4433,137587;11,81954294;0,2050525
-120,078878;36,506673;2807;!-- 39615 sats:10 UTC 17:45:51 -->;-3138,384774;-2102,25143;9209,31788;9038,31788;76;57;-65,6168;-44,7217872;4449,606944;11,2291072;-0,10252625
-120,078867;36,5067;2787;!-- 39630 sats:11 UTC 17:45:52 -->;-3135,160617;-2092,409088;9143,70108;8972,70108;77;58;-65,6168;-44,7217872;4459,963917;7,06157257;0
-120,078843;36,506722;2769;!-- 39645 sats:11 UTC 17:45:53 -->;-3128,127592;-2084,389402;9084,64596;8913,64596;78;59;-59,05512;-40,24960848;4470,630632;7,272760262;0,2050525
-120,0788;36,506763;2751;!-- 39660 sats:11 UTC 17:45:54 -->;-3115,526702;-2069,443622;9025,59084;8854,59084;79;60;-59,05512;-40,24960848;4490,179513;13,32878248;5,68434E-14
-120,078762;36,506812;2731;!-- 39675 sats:11 UTC 17:45:55 -->;-3104,39053;-2051,581594;8959,97404;8788,97404;80;61;-65,6168;-44,7217872;4511,228655;14,35168778;-0,2050525
-120,07874;36,506873;2711;!-- 39690 sats:11 UTC 17:45:56 -->;-3097,941974;-2029,34519;8894,35724;8723,35724;81;62;-65,6168;-44,7217872;4534,381225;15,78584333;5,68434E-14
-120,078727;36,506945;2692;!-- 39705 sats:11 UTC 17:45:57 -->;-3094,130031;-2003,098944;8832,02128;8661,02128;82;63;-62,33596;-42,48569784;4560,902846;18,08292314;0,10252625
-120,078727;36,507003;2673;!-- 39720 sats:11 UTC 17:45:58 -->;-3094,127713;-1981,956134;8769,68532;8598,68532;83;64;-62,33596;-42,48569784;4582,045656;14,41555209;-5,68434E-14
-120,078725;36,507042;2655;!-- 39735 sats:11 UTC 17:45:59 -->;-3093,540145;-1967,739418;8710,6302;8539,6302;84;65;-59,05512;-40,24960848;4596,274509;9,70149103;0,10252625
-120,078703;36,507083;2636;!-- 39750 sats:11 UTC 17:46:00 -->;-3087,092414;-1952,793638;8648,29424;8477,29424;85;66;-62,33596;-42,48569784;4612,55178;11,09813937;-0,10252625
-120,07867;36,507135;2618;!-- 39765 sats:11 UTC 17:46:01 -->;-3077,421208;-1933,838016;8589,23912;8418,23912;86;67;-59,05512;-40,24960848;4633,832002;14,50924234;0,10252625
-120,078633;36,507188;2599;!-- 39780 sats:11 UTC 17:46:02 -->;-3066,577959;-1914,517862;8526,90316;8355,90316;87;68;-62,33596;-42,48569784;4655,98701;15,10568709;-0,10252625
-120,078605;36,507238;2581;!-- 39795 sats:11 UTC 17:46:03 -->;-3058,371877;-1896,291302;8467,84804;8296,84804;88;69;-59,05512;-40,24960848;4675,975689;13,62864458;0,10252625
-120,078598;36,507277;2563;!-- 39810 sats:11 UTC 17:46:04 -->;-3056,319312;-1882,074586;8408,79292;8237,79292;89;70;-59,05512;-40,24960848;4690,339813;9,793720961;-5,68434E-14
-120,078603;36,50732;2545;!-- 39825 sats:11 UTC 17:46:05 -->;-3057,782631;-1866,399744;8349,7378;8178,7378;90;71;-59,05512;-40,24960848;4706,08281;10,73386174;5,68434E-14
-120,078597;36,507375;2527;!-- 39840 sats:10 UTC 17:46:06 -->;-3056,022439;-1846,350528;8290,68268;8119,68268;91;72;-59,05512;-40,24960848;4726,209145;13,72250071;-5,68434E-14
-120,078567;36,507442;2510;!-- 39855 sats:11 UTC 17:46:07 -->;-3047,229709;-1821,926938;8234,9084;8063,9084;92;73;-55,77428;-38,01351912;4752,167262;17,69871671;0,10252625
-120,078532;36,507495;2493;!-- 39870 sats:11 UTC 17:46:08 -->;-3036,972529;-1802,606784;8179,13412;8008,13412;93;74;-55,77428;-38,01351912;4774,041404;14,91418732;-2,84217E-14
-120,078517;36,507528;2475;!-- 39885 sats:10 UTC 17:46:09 -->;-3032,576197;-1790,577254;8120,079;7949,079;94;75;-59,05512;-40,24960848;4786,849109;8,732526554;-0,10252625
-120,078533;36,507565;2457;!-- 39900 sats:11 UTC 17:46:10 -->;-3037,262785;-1777,0896;8061,02388;7890,02388;95;76;-59,05512;-40,24960848;4801,127798;9,735469194;0
-120,078567;36,507625;2441;!-- 39915 sats:11 UTC 17:46:11 -->;-3047,222505;-1755,217728;8008,53044;7837,53044;96;77;-52,49344;-35,77742976;4825,160583;16,38599035;0,2050525
-120,078588;36,507703;2422;!-- 39930 sats:11 UTC 17:46:12 -->;-3053,372474;-1726,784294;7946,19448;7775,19448;97;78;-62,33596;-42,48569784;4854,251514;19,83472563;-0,30757875
-120,078578;36,507773;2403;!-- 39945 sats:11 UTC 17:46:13 -->;-3050,439696;-1701,26711;7883,85852;7712,85852;98;79;-62,33596;-42,48569784;4879,936682;17,51261463;-2,84217E-14
-120,078542;36,507818;2387;!-- 39960 sats:11 UTC 17:46:14 -->;-3039,889872;-1684,863206;7831,36508;7660,36508;99;80;-52,49344;-35,77742976;4899,440192;13,2978472;0,30757875
-120,07853;36,50786;2370;!-- 39975 sats:11 UTC 17:46:15 -->;-3036,372207;-1669,552896;7775,5908;7604,5908;100;81;-55,77428;-38,01351912;4915,149411;10,7108313;-0,10252625
-120,078543;36,507907;2354;!-- 39990 sats:11 UTC 17:46:16 -->;-3040,179378;-1652,41993;7723,09736;7552,09736;101;82;-52,49344;-35,77742976;4932,700282;11,96650321;0,10252625
-120,078572;36,507957;2336;!-- 40005 sats:11 UTC 17:46:17 -->;-3048,67444;-1634,19337;7664,04224;7493,04224;102;83;-59,05512;-40,24960848;4952,809324;13,71071058;-0,2050525
-120,078585;36,50802;2318;!-- 40020 sats:11 UTC 17:46:18 -->;-3052,480968;-1611,227904;7604,98712;7433,98712;103;84;-59,05512;-40,24960848;4976,088119;15,87190517;0
-120,078565;36,508095;2302;!-- 40035 sats:11 UTC 17:46:19 -->;-3046,618002;-1583,888064;7552,49368;7381,49368;104;85;-52,49344;-35,77742976;5004,049542;19,06460703;0,2050525
-120,078543;36,508165;2284;!-- 40050 sats:11 UTC 17:46:20 -->;-3040,169245;-1558,37088;7493,43856;7322,43856;105;86;-59,05512;-40,24960848;5030,368987;17,94507575;-0,2050525
-120,078557;36,50821;2266;!-- 40065 sats:11 UTC 17:46:21 -->;-3044,269477;-1541,966976;7434,38344;7263,38344;106;87;-59,05512;-40,24960848;5047,277564;11,52857507;0
-120,078597;36,508245;2249;!-- 40080 sats:11 UTC 17:46:22 -->;-3055,988093;-1529,208384;7378,60916;7207,60916;107;88;-55,77428;-38,01351912;5064,601179;11,81155567;0,10252625
-120,07864;36,508302;2231;!-- 40095 sats:11 UTC 17:46:23 -->;-3068,584825;-1508,430106;7319,55404;7148,55404;108;89;-59,05512;-40,24960848;5088,899626;16,56712292;-0,10252625
-120,078662;36,508375;2214;!-- 40110 sats:11 UTC 17:46:24 -->;-3075,027917;-1481,819328;7263,77976;7092,77976;109;90;-55,77428;-38,01351912;5116,279306;18,66796405;0,10252625
-120,078658;36,508453;2197;!-- 40125 sats:11 UTC 17:46:25 -->;-3073,852822;-1453,385894;7208,00548;7037,00548;110;91;-55,77428;-38,01351912;5144,737011;19,40298092;-2,84217E-14
-120,078638;36,508523;2179;!-- 40140 sats:11 UTC 17:46:26 -->;-3067,990067;-1427,86871;7148,95036;6977,95036;111;92;-59,05512;-40,24960848;5170,919039;17,85138254;-0,10252625
-120,078632;36,508572;2163;!-- 40155 sats:11 UTC 17:46:27 -->;-3066,230133;-1410,006682;7096,45692;6925,45692;112;93;-52,49344;-35,77742976;5188,867561;12,23762858;0,2050525
-120,078648;36,508612;2146;!-- 40170 sats:10 UTC 17:46:28 -->;-3070,916524;-1395,425434;7040,68264;6869,68264;113;94;-55,77428;-38,01351912;5204,183404;10,44262025;-0,10252625
-120,078678;36,50867;2128;!-- 40185 sats:11 UTC 17:46:29 -->;-3079,704169;-1374,282624;6981,62752;6810,62752;114;95;-59,05512;-40,24960848;5227,079716;15,61112187;-0,10252625
-120,078702;36,508755;2111;!-- 40200 sats:11 UTC 17:46:30 -->;-3086,732737;-1343,297472;6925,85324;6754,85324;115;96;-55,77428;-38,01351912;5258,852038;21,66294639;0,10252625
-120,07872;36,508845;2093;!-- 40215 sats:11 UTC 17:46:31 -->;-3092,003103;-1310,489664;6866,79812;6695,79812;116;97;-59,05512;-40,24960848;5292,080475;22,65575258;-0,10252625
-120,07872;36,508915;2074;!-- 40230 sats:11 UTC 17:46:32 -->;-3092,000307;-1284,97248;6804,46216;6633,46216;117;98;-62,33596;-42,48569784;5317,597659;17,3980801;-0,10252625
-120,0787;36,508962;2056;!-- 40245 sats:11 UTC 17:46:33 -->;-3086,138488;-1267,839514;6745,40704;6574,40704;118;99;-59,05512;-40,24960848;5335,705653;12,3463599;0,10252625
-120,078688;36,509003;2038;!-- 40260 sats:11 UTC 17:46:34 -->;-3082,62089;-1252,893734;6686,35192;6515,35192;119;100;-59,05512;-40,24960848;5351,0598;10,46873619;0
-120,07871;36,509053;2020;!-- 40275 sats:11 UTC 17:46:35 -->;-3089,064827;-1234,667174;6627,2968;6456,2968;120;101;-59,05512;-40,24960848;5370,391944;13,18100777;0
-120,078747;36,509123;2001;!-- 40290 sats:11 UTC 17:46:36 -->;-3099,902904;-1209,14999;6564,96084;6393,96084;121;102;-62,33596;-42,48569784;5398,115411;18,90236342;-0,10252625
-120,07877;36,509212;1984;!-- 40305 sats:11 UTC 17:46:37 -->;-3106,638251;-1176,706714;6509,18656;6338,18656;122;103;-55,77428;-38,01351912;5431,250454;22,59207517;0,2050525
-120,078777;36,509302;1968;!-- 40320 sats:11 UTC 17:46:38 -->;-3108,68561;-1143,898906;6456,69312;6285,69312;123;104;-52,49344;-35,77742976;5464,122083;22,4124738;0,10252625
-120,078762;36,509372;1951;!-- 40335 sats:11 UTC 17:46:39 -->;-3104,287865;-1118,381722;6400,91884;6229,91884;124;105;-55,77428;-38,01351912;5490,015457;17,65457344;-0,10252625
-120,078742;36,50942;1931;!-- 40350 sats:11 UTC 17:46:40 -->;-3098,426033;-1100,884224;6335,30204;6164,30204;125;106;-65,6168;-44,7217872;5508,468736;12,58178106;-0,30757875
-120,07873;36,509457;1912;!-- 40365 sats:11 UTC 17:46:41 -->;-3094,908609;-1087,39657;6272,96608;6101,96608;126;107;-62,33596;-42,48569784;5522,407498;9,503701499;0,10252625
-120,078735;36,509507;1894;!-- 40380 sats:11 UTC 17:46:42 -->;-3096,371585;-1069,17001;6213,91096;6042,91096;127;108;-59,05512;-40,24960848;5540,692678;12,46716782;0,10252625
-120,078758;36,50957;1877;!-- 40395 sats:11 UTC 17:46:43 -->;-3103,107945;-1046,204544;6158,13668;5987,13668;128;109;-55,77428;-38,01351912;5564,625733;16,31799259;0,10252625
-120,078765;36,509642;1860;!-- 40410 sats:11 UTC 17:46:44 -->;-3105,156021;-1019,958298;6102,3624;5931,3624;129;110;-55,77428;-38,01351912;5590,951767;17,94956859;2,84217E-14
-120,078748;36,509703;1841;!-- 40425 sats:11 UTC 17:46:45 -->;-3100,17267;-997,7218944;6040,02644;5869,02644;130;111;-62,33596;-42,48569784;5613,739734;15,53724972;-0,2050525
-120,078727;36,509755;1821;!-- 40440 sats:11 UTC 17:46:46 -->;-3094,017712;-978,766272;5974,40964;5803,40964;131;112;-65,6168;-44,7217872;5633,669589;13,58853782;-0,10252625
-120,078697;36,509802;1802;!-- 40455 sats:11 UTC 17:46:47 -->;-3085,226015;-961,6333056;5912,07368;5741,07368;132;113;-62,33596;-42,48569784;5652,9266;13,12978007;0,10252625
-120,078688;36,509848;1784;!-- 40470 sats:11 UTC 17:46:48 -->;-3082,587238;-944,8648704;5853,01856;5682,01856;133;114;-59,05512;-40,24960848;5669,901392;11,57372184;0,10252625
-120,07869;36,509903;1767;!-- 40485 sats:11 UTC 17:46:49 -->;-3083,171035;-924,8156544;5797,24428;5626,24428;134;115;-55,77428;-38,01351912;5689,959106;13,67571392;0,10252625
-120,078682;36,509975;1748;!-- 40500 sats:11 UTC 17:46:50 -->;-3080,82422;-898,569408;5734,90832;5563,90832;135;116;-62,33596;-42,48569784;5716,310064;17,96656226;-0,2050525
-120,078668;36,510048;1730;!-- 40515 sats:11 UTC 17:46:51 -->;-3076,719413;-871,9586304;5675,8532;5504,8532;136;117;-59,05512;-40,24960848;5743,235571;18,35830025;0,10252625
-120,078638;36,510115;1712;!-- 40530 sats:11 UTC 17:46:52 -->;-3067,926968;-847,53504;5616,79808;5445,79808;137;118;-59,05512;-40,24960848;5769,193592;17,69865081;0
-120,078607;36,51018;1692;!-- 40545 sats:11 UTC 17:46:53 -->;-3058,841624;-823,840512;5551,18128;5380,18128;138;119;-65,6168;-44,7217872;5794,570237;17,30225815;-0,2050525
-120,078578;36,510233;1672;!-- 40560 sats:11 UTC 17:46:54 -->;-3050,342753;-804,5203584;5485,56448;5314,56448;139;120;-65,6168;-44,7217872;5815,677088;14,39103451;0
-120,078557;36,510278;1653;!-- 40575 sats:11 UTC 17:46:55 -->;-3044,188145;-788,1164544;5423,22852;5252,22852;140;121;-62,33596;-42,48569784;5833,197569;11,94578272;0,10252625
-120,078563;36,510328;1636;!-- 40590 sats:11 UTC 17:46:56 -->;-3045,94413;-769,8898944;5367,45424;5196,45424;141;122;-55,77428;-38,01351912;5851,508521;12,48474019;0,2050525
-120,078573;36,510393;1619;!-- 40605 sats:11 UTC 17:46:57 -->;-3048,871489;-746,1953664;5311,67996;5140,67996;142;123;-55,77428;-38,01351912;5875,383196;16,27818723;0
-120,078563;36,510455;1602;!-- 40620 sats:11 UTC 17:46:58 -->;-3045,939132;-723,594432;5255,90568;5084,90568;143;124;-55,77428;-38,01351912;5898,173566;15,53888844;-2,84217E-14
-120,078532;36,510505;1583;!-- 40635 sats:11 UTC 17:46:59 -->;-3036,854436;-705,367872;5193,56972;5022,56972;144;125;-62,33596;-42,48569784;5918,538712;13,88532737;-0,2050525
-120,078505;36,510537;1565;!-- 40650 sats:11 UTC 17:47:00 -->;-3028,942419;-693,7028736;5134,5146;4963,5146;145;126;-59,05512;-40,24960848;5932,633825;9,610303828;0,10252625
-120,078485;36,510567;1548;!-- 40665 sats:11 UTC 17:47:01 -->;-3023,081425;-682,7669376;5078,74032;4907,74032;146;127;-55,77428;-38,01351912;5945,041321;8,459656263;0,10252625
-120,078493;36,510595;1530;!-- 40680 sats:11 UTC 17:47:02 -->;-3025,424258;-672,560064;5019,6852;4848,6852;147;128;-59,05512;-40,24960848;5955,513624;7,140206872;-0,10252625
-120,078508;36,510627;1512;!-- 40695 sats:11 UTC 17:47:03 -->;-3029,81787;-660,8950656;4960,63008;4789,63008;148;129;-59,05512;-40,24960848;5967,978615;8,498857676;0
-120,078503;36,510667;1493;!-- 40710 sats:11 UTC 17:47:04 -->;-3028,351351;-646,3138176;4898,29412;4727,29412;149;130;-62,33596;-42,48569784;5982,633426;9,991916261;-0,10252625
-120,078477;36,51071;1476;!-- 40725 sats:11 UTC 17:47:05 -->;-3020,731916;-630,638976;4842,51984;4671,51984;150;131;-55,77428;-38,01351912;6000,062036;11,88314324;0,2050525
-120,078445;36,510758;1458;!-- 40740 sats:11 UTC 17:47:06 -->;-3011,354353;-613,1414784;4783,46472;4612,46472;151;132;-59,05512;-40,24960848;6019,914016;13,53544093;-0,10252625
-120,078412;36,510797;1439;!-- 40755 sats:11 UTC 17:47:07 -->;-3001,68416;-598,9247616;4721,12876;4550,12876;152;133;-62,33596;-42,48569784;6037,107842;11,72306333;-0,10252625
-120,078383;36,510817;1422;!-- 40770 sats:11 UTC 17:47:08 -->;-2993,186672;-591,6341376;4665,35448;4494,35448;153;134;-55,77428;-38,01351912;6048,304292;7,63394342;0,2050525
-120,07838;36,51085;1406;!-- 40785 sats:11 UTC 17:47:09 -->;-2992,306426;-579,604608;4612,86104;4441,86104;154;135;-52,49344;-35,77742976;6060,365984;8,223880952;0,10252625
-120,078387;36,510895;1387;!-- 40800 sats:11 UTC 17:47:10 -->;-2994,355615;-563,200704;4550,52508;4379,52508;155;136;-62,33596;-42,48569784;6076,897386;11,27141023;-0,30757875
-120,078378;36,510942;1367;!-- 40815 sats:11 UTC 17:47:11 -->;-2991,71689;-546,0677376;4484,90828;4313,90828;156;137;-65,6168;-44,7217872;6094,232363;11,81930208;-0,10252625
-120,07835;36,510993;1348;!-- 40830 sats:11 UTC 17:47:12 -->;-2983,511215;-527,4766464;4422,57232;4251,57232;157;138;-62,33596;-42,48569784;6114,553823;13,85554152;0,10252625
-120,078303;36,511035;1331;!-- 40845 sats:11 UTC 17:47:13 -->;-2969,739101;-512,166336;4366,79804;4195,79804;158;139;-55,77428;-38,01351912;6135,146947;14,04076591;0,2050525
-120,078263;36,511062;1314;!-- 40860 sats:11 UTC 17:47:14 -->;-2958,018499;-502,3239936;4311,02376;4140,02376;159;140;-55,77428;-38,01351912;6150,451986;10,43525385;2,84217E-14
-120,078248;36,511088;1295;!-- 40875 sats:11 UTC 17:47:15 -->;-2953,62267;-492,8461824;4248,6878;4077,6878;160;141;-62,33596;-42,48569784;6160,89958;7,123359599;-0,2050525
-120,07824;36,511127;1278;!-- 40890 sats:11 UTC 17:47:16 -->;-2951,27727;-478,6294656;4192,91352;4021,91352;161;142;-55,77428;-38,01351912;6175,308464;9,82423903;0,2050525
-120,07824;36,51117;1259;!-- 40905 sats:11 UTC 17:47:17 -->;-2951,27563;-462,954624;4130,57756;3959,57756;162;143;-62,33596;-42,48569784;6190,983305;10,68739206;-0,2050525
-120,078223;36,51121;1240;!-- 40920 sats:11 UTC 17:47:18 -->;-2946,293299;-448,373376;4068,2416;3897,2416;163;144;-62,33596;-42,48569784;6206,392277;10,50611728;1,42109E-14
-120,078185;36,511245;1223;!-- 40935 sats:11 UTC 17:47:19 -->;-2935,158405;-435,614784;4012,46732;3841,46732;164;145;-55,77428;-38,01351912;6223,326489;11,54605353;0,2050525
-120,078152;36,511262;1204;!-- 40950 sats:10 UTC 17:47:20 -->;-2925,489143;-429,4177536;3950,13136;3779,13136;165;146;-62,33596;-42,48569784;6234,811166;7,83046169;-0,2050525
-120,078142;36,51128;1184;!-- 40965 sats:11 UTC 17:47:21 -->;-2922,55858;-422,856192;3884,51456;3713,51456;166;147;-65,6168;-44,7217872;6241,997424;4,899720882;-0,10252625
-120,07814;36,511308;1165;!-- 40980 sats:11 UTC 17:47:22 -->;-2921,971546;-412,6493184;3822,1786;3651,1786;167;148;-62,33596;-42,48569784;6252,221165;6,970732408;0,10252625
-120,078132;36,511342;1147;!-- 40995 sats:11 UTC 17:47:23 -->;-2919,626358;-400,2552576;3763,12348;3592,12348;168;149;-59,05512;-40,24960848;6264,835151;8,600445232;0,10252625
-120,078115;36,511385;1128;!-- 41010 sats:11 UTC 17:47:24 -->;-2914,643941;-384,580416;3700,78752;3529,78752;169;150;-62,33596;-42,48569784;6281,282799;11,21430571;-0,10252625
-120,078092;36,511438;1110;!-- 41025 sats:11 UTC 17:47:25 -->;-2907,903227;-365,2602624;3641,7324;3470,7324;170;151;-59,05512;-40,24960848;6301,745095;13,95156542;0,10252625
-120,07807;36,511482;1091;!-- 41040 sats:11 UTC 17:47:26 -->;-2901,455848;-349,2208896;3579,39644;3408,39644;171;152;-62,33596;-42,48569784;6319,031801;11,78639002;-0,10252625
-120,078068;36,511522;1073;!-- 41055 sats:11 UTC 17:47:27 -->;-2900,868373;-334,6396416;3520,34132;3349,34132;172;153;-59,05512;-40,24960848;6333,624878;9,949825764;0,10252625
-120,078077;36,511552;1055;!-- 41070 sats:11 UTC 17:47:28 -->;-2903,504135;-323,7037056;3461,2862;3290,2862;173;154;-59,05512;-40,24960848;6344,873964;7,669831303;0
-120,078077;36,511573;1034;!-- 41085 sats:11 UTC 17:47:29 -->;-2903,503347;-316,0485504;3392,38856;3221,38856;174;155;-68,89764;-46,95787656;6352,52912;5,219424027;-0,30757875
-120,078063;36,511593;1014;!-- 41100 sats:11 UTC 17:47:30 -->;-2899,400777;-308,7579264;3326,77176;3155,77176;175;156;-65,6168;-44,7217872;6360,89478;5,703859664;0,10252625
-120,078043;36,511608;993;!-- 41115 sats:11 UTC 17:47:31 -->;-2893,540473;-303,2899584;3257,87412;3086,87412;176;157;-68,89764;-46,95787656;6368,909881;5,464841123;-0,10252625
-120,078015;36,511638;973;!-- 41130 sats:11 UTC 17:47:32 -->;-2885,335716;-292,3540224;3192,25732;3021,25732;177;158;-65,6168;-44,7217872;6382,581484;9,321547549;0,10252625
-120,077992;36,51168;955;!-- 41145 sats:11 UTC 17:47:33 -->;-2878,595454;-277,043712;3133,2022;2962,2022;178;159;-59,05512;-40,24960848;6399,309805;11,4056738;0,2050525
-120,077978;36,51172;934;!-- 41160 sats:11 UTC 17:47:34 -->;-2874,492153;-262,462464;3064,30456;2893,30456;179;160;-68,89764;-46,95787656;6414,457408;10,32791103;-0,30757875
-120,077963;36,511747;915;!-- 41175 sats:11 UTC 17:47:35 -->;-2870,096352;-252,6201216;3001,9686;2830,9686;180;161;-62,33596;-42,48569784;6425,236776;7,34956901;0,2050525
-120,077945;36,511757;896;!-- 41190 sats:11 UTC 17:47:36 -->;-2864,822223;-248,9748096;2939,63264;2768,63264;181;162;-62,33596;-42,48569784;6431,648073;4,371338813;-1,42109E-14
-120,077922;36,511768;875;!-- 41205 sats:11 UTC 17:47:37 -->;-2858,083127;-244,9649664;2870,735;2699,735;182;163;-68,89764;-46,95787656;6439,489901;5,346700654;-0,2050525
-120,077892;36,511797;856;!-- 41220 sats:11 UTC 17:47:38 -->;-2849,292465;-234,3935616;2808,39904;2637,39904;183;164;-62,33596;-42,48569784;6453,238731;9,374202575;0,2050525
-120,07788;36,511838;834;!-- 41235 sats:11 UTC 17:47:39 -->;-2845,775121;-219,4477824;2736,22056;2565,22056;184;165;-72,17848;-49,19396592;6468,592819;10,4686965;-0,30757875
-120,077863;36,511868;813;!-- 41250 sats:11 UTC 17:47:40 -->;-2840,793254;-208,5118464;2667,32292;2496,32292;185;166;-68,89764;-46,95787656;6480,610044;8,193562396;0,10252625
-120,077835;36,511885;794;!-- 41265 sats:11 UTC 17:47:41 -->;-2832,589021;-202,314816;2604,98696;2433,98696;186;167;-62,33596;-42,48569784;6490,891709;7,010225822;0,2050525
-120,077805;36,5119;773;!-- 41280 sats:11 UTC 17:47:42 -->;-2823,798893;-196,846848;2536,08932;2365,08932;187;168;-68,89764;-46,95787656;6501,243763;7,058218956;-0,2050525
-120,077773;36,511918;754;!-- 41295 sats:11 UTC 17:47:43 -->;-2814,422687;-190,2852864;2473,75336;2302,75336;188;169;-62,33596;-42,48569784;6512,687859;7,802792596;0,2050525
-120,077752;36,511935;734;!-- 41310 sats:11 UTC 17:47:44 -->;-2808,269366;-184,088256;2408,13656;2237,13656;189;170;-65,6168;-44,7217872;6521,420931;5,954367221;-0,10252625
-120,077745;36,51194;714;!-- 41325 sats:11 UTC 17:47:45 -->;-2806,218284;-182,2656;2342,51976;2171,51976;190;171;-65,6168;-44,7217872;6524,164836;1,870844142;1,42109E-14
-120,077733;36,51194;694;!-- 41340 sats:11 UTC 17:47:46 -->;-2802,702454;-182,2656;2276,90296;2105,90296;191;172;-65,6168;-44,7217872;6527,680666;2,397156794;-1,42109E-14
-120,07772;36,511932;675;!-- 41355 sats:11 UTC 17:47:47 -->;-2798,893927;-185,1818496;2214,567;2043,567;192;173;-62,33596;-42,48569784;6532,477476;3,270552244;0,10252625
-120,077705;36,511907;656;!-- 41370 sats:11 UTC 17:47:48 -->;-2794,500042;-194,2951296;2152,23104;1981,23104;193;174;-62,33596;-42,48569784;6542,594694;6,898103182;0
-120,077683;36,511877;637;!-- 41385 sats:11 UTC 17:47:49 -->;-2788,055432;-205,2310656;2089,89508;1918,89508;194;175;-62,33596;-42,48569784;6555,288302;8,654733119;-1,42109E-14
-120,077653;36,51185;618;!-- 41400 sats:11 UTC 17:47:50 -->;-2779,266819;-215,073408;2027,55912;1856,55912;195;176;-62,33596;-42,48569784;6568,48343;8,996678466;1,42109E-14
-120,077615;36,511828;599;!-- 41415 sats:11 UTC 17:47:51 -->;-2768,134131;-223,0930944;1965,22316;1794,22316;196;177;-62,33596;-42,48569784;6582,20393;9,354885977;0
-120,077575;36,51181;580;!-- 41430 sats:11 UTC 17:47:52 -->;-2756,415322;-229,654656;1902,8872;1731,8872;197;178;-62,33596;-42,48569784;6595,634663;9,157317678;-7,10543E-15
-120,077557;36,511797;559;!-- 41445 sats:11 UTC 17:47:53 -->;-2751,14203;-234,3935616;1833,98956;1662,98956;198;179;-68,89764;-46,95787656;6602,724432;4,833933759;-0,2050525
-120,077563;36,511782;541;!-- 41460 sats:11 UTC 17:47:54 -->;-2752,900482;-239,8615296;1774,93444;1603,93444;199;180;-59,05512;-40,24960848;6608,468196;3,916202831;0,30757875
-120,077587;36,511753;524;!-- 41475 sats:11 UTC 17:47:55 -->;-2759,933191;-250,4329344;1719,16016;1548,16016;200;181;-55,77428;-38,01351912;6621,165187;8,657039489;0,10252625
-120,077598;36,511703;506;!-- 41490 sats:11 UTC 17:47:56 -->;-2763,157828;-268,6594944;1660,10504;1489,10504;201;182;-59,05512;-40,24960848;6639,6748;12,62019067;-0,10252625
-120,07759;36,511635;488;!-- 41505 sats:11 UTC 17:47:57 -->;-2760,816359;-293,447616;1601,04992;1430,04992;202;183;-59,05512;-40,24960848;6664,573263;16,97622458;0
-120,077562;36,511562;469;!-- 41520 sats:11 UTC 17:47:58 -->;-2752,61532;-320,0583936;1538,71396;1367,71396;203;184;-62,33596;-42,48569784;6692,419098;18,98579665;-0,10252625
-120,077512;36,511497;451;!-- 41535 sats:11 UTC 17:47:59 -->;-2737,968256;-343,7529216;1479,65884;1308,65884;204;185;-59,05512;-40,24960848;6720,275285;18,9928545;0,10252625
-120,077453;36,511453;434;!-- 41550 sats:11 UTC 17:48:00 -->;-2720,68354;-359,7922944;1423,88456;1252,88456;205;186;-55,77428;-38,01351912;6743,855423;16,07736664;0,10252625
-120,077412;36,511415;416;!-- 41565 sats:11 UTC 17:48:01 -->;-2708,672375;-373,64448;1364,82944;1193,82944;206;187;-59,05512;-40,24960848;6762,189847;12,50074404;-0,10252625
-120,077393;36,511375;399;!-- 41580 sats:11 UTC 17:48:02 -->;-2703,107004;-388,225728;1309,05516;1138,05516;207;188;-55,77428;-38,01351912;6777,797094;10,64130466;0,10252625
-120,077392;36,511338;381;!-- 41595 sats:11 UTC 17:48:03 -->;-2702,815308;-401,7133824;1250,00004;1079,00004;208;189;-59,05512;-40,24960848;6791,287902;9,198278364;-0,10252625
-120,077393;36,511305;361;!-- 41610 sats:11 UTC 17:48:04 -->;-2703,109448;-413,742912;1184,38324;1013,38324;209;190;-65,6168;-44,7217872;6803,321027;8,204403518;-0,2050525
-120,077372;36,511267;350;!-- 41625 sats:10 UTC 17:48:05 -->;-2696,95802;-427,5950976;1148,294;977,294;210;191;-36,08924;-24,59698296;6818,477647;10,33405892;0,92273625
-120,077327;36,511202;346;!-- 41640 sats:11 UTC 17:48:06 -->;-2683,775796;-451,2896256;1135,17064;964,17064;211;192;-13,12336;-8,94435744;6845,59225;18,48722893;0,71768375
-120,077257;36,511103;334;!-- 41655 sats:11 UTC 17:48:07 -->;-2663,269999;-487,3782144;1095,80056;924,80056;212;193;-39,37008;-26,83307232;6887,099767;28,3005797;-0,82021
-120,077215;36,511013;322;!-- 41670 sats:11 UTC 17:48:08 -->;-2650,967544;-520,1860224;1056,43048;885,43048;213;194;-39,37008;-26,83307232;6922,138355;23,88994662;7,10543E-15
-120,07723;36,510965;314;!-- 41685 sats:11 UTC 17:48:09 -->;-2655,364031;-537,68352;1030,18376;859,18376;214;195;-26,24672;-17,88871488;6940,179738;12,3009433;0,410105
-120,077252;36,510958;306;!-- 41700 sats:11 UTC 17:48:10 -->;-2661,810041;-540,2352384;1003,93704;832,93704;215;196;-26,24672;-17,88871488;6947,112437;4,726840171;7,10543E-15
-120,077232;36,510963;297;!-- 41715 sats:11 UTC 17:48:11 -->;-2655,950078;-538,4125824;974,40948;803,40948;216;197;-29,52756;-20,12480424;6953,249312;4,184233008;-0,10252625
-120,077177;36,510953;289;!-- 41730 sats:10 UTC 17:48:12 -->;-2639,835995;-542,0578944;948,16276;777,16276;217;198;-26,24672;-17,88871488;6969,770571;11,2644942;0,10252625
-120,077098;36,51093;279;!-- 41745 sats:9 UTC 17:48:13 -->;-2616,690597;-550,442112;915,35436;744,35436;218;199;-32,8084;-22,3608936;6994,38773;16,78442722;-0,2050525
-120,077005;36,510888;270;!-- 41760 sats:11 UTC 17:48:14 -->;-2589,443964;-565,7524224;885,8268;714,8268;219;200;-29,52756;-20,12480424;7025,641284;21,30924092;0,10252625
-120,076933;36,510812;261;!-- 41775 sats:11 UTC 17:48:15 -->;-2568,35122;-593,4567936;856,29924;685,29924;220;201;-29,52756;-20,12480424;7060,461336;23,74094492;-3,55271E-15
-120,076908;36,510728;251;!-- 41790 sats:11 UTC 17:48:16 -->;-2561,029247;-624,0774144;823,49084;652,49084;221;202;-32,8084;-22,3608936;7091,945201;21,46627108;-0,10252625
-120,076913;36,51068;243;!-- 41805 sats:11 UTC 17:48:17 -->;-2562,495788;-641,574912;797,24412;626,24412;222;203;-26,24672;-17,88871488;7109,504049;11,97194225;0,2050525
-120,076912;36,510655;233;!-- 41820 sats:11 UTC 17:48:18 -->;-2562,203625;-650,688192;764,43572;593,43572;223;204;-32,8084;-22,3608936;7118,622011;6,216792294;-0,2050525
-120,076892;36,510623;224;!-- 41835 sats:11 UTC 17:48:19 -->;-2556,344868;-662,3531904;734,90816;563,90816;224;205;-29,52756;-20,12480424;7131,67564;8,900201365;0,10252625
-120,07686;36,510583;215;!-- 41850 sats:11 UTC 17:48:20 -->;-2546,970478;-676,9344384;705,3806;534,3806;225;206;-29,52756;-20,12480424;7149,010344;11,81911667;0
-120,07682;36,510555;205;!-- 41865 sats:11 UTC 17:48:21 -->;-2535,251756;-687,141312;672,5722;501,5722;226;207;-32,8084;-22,3608936;7164,550895;10,59582975;-0,10252625
-120,076753;36,510532;197;!-- 41880 sats:11 UTC 17:48:22 -->;-2515,622102;-695,5255296;646,32548;475,32548;227;208;-26,24672;-17,88871488;7185,896115;14,55355939;0,2050525
-120,07667;36,510485;188;!-- 41895 sats:11 UTC 17:48:23 -->;-2491,305349;-712,658496;616,79792;445,79792;228;209;-29,52756;-20,12480424;7215,642426;20,28157593;-0,10252625
-120,076597;36,510407;178;!-- 41910 sats:11 UTC 17:48:24 -->;-2469,91947;-741,0919296;583,98952;412,98952;229;210;-32,8084;-22,3608936;7251,220734;24,25793682;-0,10252625
-120,076547;36,510328;169;!-- 41925 sats:11 UTC 17:48:25 -->;-2455,272394;-769,8898944;554,46196;383,46196;230;211;-29,52756;-20,12480424;7283,52955;22,02873831;0,10252625
-120,076507;36,510257;159;!-- 41940 sats:10 UTC 17:48:26 -->;-2443,554958;-795,7716096;521,65356;350,65356;231;212;-32,8084;-22,3608936;7311,940138;19,37085514;-0,10252625
-120,076483;36,510175;150;!-- 41955 sats:11 UTC 17:48:27 -->;-2436,525727;-825,663168;492,126;321,126;232;213;-29,52756;-20,12480424;7342,647064;20,93654107;0,10252625
-120,076487;36,510097;141;!-- 41970 sats:11 UTC 17:48:28 -->;-2437,700153;-854,0966016;462,59844;291,59844;233;214;-29,52756;-20,12480424;7371,104742;19,40296211;0
-120,076498;36,510057;132;!-- 41985 sats:11 UTC 17:48:29 -->;-2440,924336;-868,6778496;433,07088;262,07088;234;215;-29,52756;-20,12480424;7386,038199;10,18190265;0
-120,076473;36,510048;123;!-- 42000 sats:11 UTC 17:48:30 -->;-2433,599795;-871,9586304;403,54332;232,54332;235;216;-29,52756;-20,12480424;7394,063935;5,472092094;0
-120,076412;36,510023;112;!-- 42015 sats:11 UTC 17:48:31 -->;-2415,728002;-881,0719104;367,45408;196,45408;236;217;-36,08924;-24,59698296;7414,125162;13,67810937;-0,2050525
-120,076353;36,509972;103;!-- 42030 sats:11 UTC 17:48:32 -->;-2398,442991;-899,6630016;337,92652;166,92652;237;218;-29,52756;-20,12480424;7439,510203;17,30798249;0,2050525
-120,076303;36,5099;94;!-- 42045 sats:11 UTC 17:48:33 -->;-2383,795544;-925,909248;308,39896;137,39896;238;219;-29,52756;-20,12480424;7469,567034;20,49329446;0
-120,076265;36,509813;85;!-- 42060 sats:11 UTC 17:48:34 -->;-2372,664456;-957,6234624;278,8714;107,8714;239;220;-29,52756;-20,12480424;7503,177933;22,91652191;0
-120,076255;36,509723;76;!-- 42075 sats:11 UTC 17:48:35 -->;-2369,737272;-990,4312704;249,34384;78,34384;240;221;-29,52756;-20,12480424;7536,116067;22,45781861;0
-120,07627;36,509648;67;!-- 42090 sats:11 UTC 17:48:36 -->;-2374,134486;-1017,77111;219,81628;48,81628;241;222;-29,52756;-20,12480424;7563,807263;18,88036096;0
-120,076295;36,509592;57;!-- 42105 sats:11 UTC 17:48:37 -->;-2381,461072;-1038,184858;187,00788;16,00788;242;223;-32,8084;-22,3608936;7585,495968;14,78775352;-0,10252625
-120,076302;36,509555;51;!-- 42120 sats:11 UTC 17:48:38 -->;-2383,513174;-1051,672512;167,32284;-3,67716;243;224;-19,68504;-13,41653616;7599,13884;9,301957906;0,410105
-120,076277;36,509542;50;!-- 42135 sats:11 UTC 17:48:39 -->;-2376,188702;-1056,411418;164,042;-6,958;244;225;-3,28084;-2,23608936;7607,862665;5,948062472;0,51263125
-120,076265;36,509538;50;!-- 42150 sats:11 UTC 17:48:40 -->;-2372,672885;-1057,869542;164,042;-6,958;245;226;0;0;7611,668856;2,595130417;0,10252625
-120,07625;36,509537;50;!-- 42165 sats:11 UTC 17:48:41 -->;-2368,277992;-1058,234074;164,042;-6,958;246;227;0;0;7616,078842;3,006808106;0
-120,076238;36,509533;51;!-- 42180 sats:11 UTC 17:48:42 -->;-2364,762175;-1059,692198;167,32284;-3,67716;247;228;3,28084;2,23608936;7619,885033;2,595130818;0,10252625
-120,07624;36,509532;51;!-- 42195 sats:11 UTC 17:48:43 -->;-2365,348196;-1060,05673;167,32284;-3,67716;248;229;0;0;7620,57518;0,470554807;-0,10252625
-120,07624;36,509532;51;!-- 42210 sats:11 UTC 17:48:44 -->;-2365,348196;-1060,05673;167,32284;-3,67716;249;230;0;0;7620,57518;0;0
-120,076242;36,50953;52;!-- 42225 sats:11 UTC 17:48:45 -->;-2365,934247;-1060,785792;170,60368;-0,39632;250;231;3,28084;2,23608936;7621,510588;0,637778057;0,10252625
-120,076243;36,50953;52;!-- 42240 sats:11 UTC 17:48:46 -->;-2366,227242;-1060,785792;170,60368;-0,39632;251;232;0;0;7621,803583;0,199769289;-0,10252625
-120,076235;36,509533;52;!-- 42255 sats:11 UTC 17:48:47 -->;-2363,88319;-1059,692198;170,60368;-0,39632;252;233;0;0;7624,390188;1,763594026;0
-120,076225;36,509535;52;!-- 42270 sats:11 UTC 17:48:48 -->;-2360,95318;-1058,963136;170,60368;-0,39632;253;234;0;0;7627,409541;2,058649831;0
-120,076222;36,509537;52;!-- 42285 sats:11 UTC 17:48:49 -->;-2360,074134;-1058,234074;170,60368;-0,39632;254;235;0;0;7628,55158;0,778663072;0
-120,076218;36,509538;52;!-- 42300 sats:11 UTC 17:48:50 -->;-2358,902124;-1057,869542;170,60368;-0,39632;255;236;0;0;7629,778972;0,83685811;0
-120,076217;36,50954;51;!-- 42315 sats:11 UTC 17:48:51 -->;-2358,609068;-1057,14048;167,32284;-3,67716;256;237;-3,28084;-2,23608936;7630,564729;0,535743262;-0,10252625
-120,076217;36,50954;51;!-- 42330 sats:11 UTC 17:48:52 -->;-2358,609068;-1057,14048;167,32284;-3,67716;257;238;0;0;7630,564729;0;0,10252625
-120,076217;36,509538;51;!-- 42345 sats:11 UTC 17:48:53 -->;-2358,609129;-1057,869542;167,32284;-3,67716;258;239;0;0;7631,293791;0,497088002;0
-120,076215;36,509538;51;!-- 42360 sats:11 UTC 17:48:54 -->;-2358,023139;-1057,869542;167,32284;-3,67716;259;240;0;0;7631,879781;0,39953853;0
-120,076215;36,509538;51;!-- 42375 sats:11 UTC 17:48:55 -->;-2358,023139;-1057,869542;167,32284;-3,67716;260;241;0;0;7631,879781;0;0
-120,076215;36,509537;51;!-- 42390 sats:11 UTC 17:48:56 -->;-2358,02317;-1058,234074;167,32284;-3,67716;261;242;0;0;7632,244312;0,248544;0
-120,076215;36,509537;51;!-- 42405 sats:11 UTC 17:48:57 -->;-2358,02317;-1058,234074;167,32284;-3,67716;262;243;0;0;7632,244312;0;0
-120,076213;36,509537;51;!-- 42420 sats:11 UTC 17:48:58 -->;-2357,43718;-1058,234074;167,32284;-3,67716;263;244;0;0;7632,830302;0,399538538;0
-120,076213;36,509537;51;!-- 42435 sats:11 UTC 17:48:59 -->;-2357,43718;-1058,234074;167,32284;-3,67716;264;245;0;0;7632,830302;0;0
-120,076213;36,509537;51;!-- 42450 sats:11 UTC 17:49:00 -->;-2357,43718;-1058,234074;167,32284;-3,67716;265;246;0;0;7632,830302;0;0
-120,076213;36,509537;50;!-- 42465 sats:11 UTC 17:49:01 -->;-2357,43718;-1058,234074;164,042;-6,958;266;247;-3,28084;-2,23608936;7632,830302;0;-0,10252625
